[Grid]
[node_id]   [x]         [y]       [z]       
0           0.000000    0.0       0.0       
1           0.004000    0.0       0.0       
2           0.008000    0.0       0.0       
3           0.012000    0.0       0.0       
4           0.016000    0.0       0.0       
5           0.020000    0.0       0.0       
6           0.024000    0.0       0.0       
7           0.028000    0.0       0.0       
8           0.032000    0.0       0.0       
9           0.036000    0.0       0.0       
10          0.040000    0.0       0.0       
11          0.044000    0.0       0.0       
12          0.048000    0.0       0.0       
13          0.052000    0.0       0.0       
14          0.056000    0.0       0.0       
15          0.060000    0.0       0.0       
16          0.064000    0.0       0.0       
17          0.068000    0.0       0.0       
18          0.072000    0.0       0.0       
19          0.076000    0.0       0.0       
20          0.080000    0.0       0.0       
21          0.084000    0.0       0.0       
22          0.088000    0.0       0.0       
23          0.092000    0.0       0.0       
24          0.096000    0.0       0.0       
25          0.100000    0.0       0.0       
26          0.104000    0.0       0.0       
27          0.108000    0.0       0.0       
28          0.112000    0.0       0.0       
29          0.116000    0.0       0.0       
30          0.120000    0.0       0.0       
31          0.124000    0.0       0.0       
32          0.128000    0.0       0.0       
33          0.132000    0.0       0.0       
34          0.136000    0.0       0.0       
35          0.140000    0.0       0.0       
36          0.144000    0.0       0.0       
37          0.148000    0.0       0.0       
38          0.152000    0.0       0.0       
39          0.156000    0.0       0.0       
40          0.160000    0.0       0.0       
41          0.164000    0.0       0.0       
42          0.168000    0.0       0.0       
43          0.172000    0.0       0.0       
44          0.176000    0.0       0.0       
45          0.180000    0.0       0.0       
46          0.184000    0.0       0.0       
47          0.188000    0.0       0.0       
48          0.192000    0.0       0.0       
49          0.196000    0.0       0.0       
50          0.200000    0.0       0.0       
51          0.204000    0.0       0.0       
52          0.208000    0.0       0.0       
53          0.212000    0.0       0.0       
54          0.216000    0.0       0.0       
55          0.220000    0.0       0.0       
56          0.224000    0.0       0.0       
57          0.228000    0.0       0.0       
58          0.232000    0.0       0.0       
59          0.236000    0.0       0.0       
60          0.240000    0.0       0.0       
61          0.244000    0.0       0.0       
62          0.248000    0.0       0.0       
63          0.252000    0.0       0.0       
64          0.256000    0.0       0.0       
65          0.260000    0.0       0.0       
66          0.264000    0.0       0.0       
67          0.268000    0.0       0.0       
68          0.272000    0.0       0.0       
69          0.276000    0.0       0.0       
70          0.280000    0.0       0.0       
71          0.284000    0.0       0.0       
72          0.288000    0.0       0.0       
73          0.292000    0.0       0.0       
74          0.296000    0.0       0.0       
75          0.300000    0.0       0.0       
76          0.304000    0.0       0.0       
77          0.308000    0.0       0.0       
78          0.312000    0.0       0.0       
79          0.316000    0.0       0.0       
80          0.320000    0.0       0.0       
81          0.324000    0.0       0.0       
82          0.328000    0.0       0.0       
83          0.332000    0.0       0.0       
84          0.336000    0.0       0.0       
85          0.340000    0.0       0.0       
86          0.344000    0.0       0.0       
87          0.348000    0.0       0.0       
88          0.352000    0.0       0.0       
89          0.356000    0.0       0.0       
90          0.360000    0.0       0.0       
91          0.364000    0.0       0.0       
92          0.368000    0.0       0.0       
93          0.372000    0.0       0.0       
94          0.376000    0.0       0.0       
95          0.380000    0.0       0.0       
96          0.384000    0.0       0.0       
97          0.388000    0.0       0.0       
98          0.392000    0.0       0.0       
99          0.396000    0.0       0.0       
100         0.400000    0.0       0.0       
101         0.404000    0.0       0.0       
102         0.408000    0.0       0.0       
103         0.412000    0.0       0.0       
104         0.416000    0.0       0.0       
105         0.420000    0.0       0.0       
106         0.424000    0.0       0.0       
107         0.428000    0.0       0.0       
108         0.432000    0.0       0.0       
109         0.436000    0.0       0.0       
110         0.440000    0.0       0.0       
111         0.444000    0.0       0.0       
112         0.448000    0.0       0.0       
113         0.452000    0.0       0.0       
114         0.456000    0.0       0.0       
115         0.460000    0.0       0.0       
116         0.464000    0.0       0.0       
117         0.468000    0.0       0.0       
118         0.472000    0.0       0.0       
119         0.476000    0.0       0.0       
120         0.480000    0.0       0.0       
121         0.484000    0.0       0.0       
122         0.488000    0.0       0.0       
123         0.492000    0.0       0.0       
124         0.496000    0.0       0.0       
125         0.500000    0.0       0.0       
126         0.504000    0.0       0.0       
127         0.508000    0.0       0.0       
128         0.512000    0.0       0.0       
129         0.516000    0.0       0.0       
130         0.520000    0.0       0.0       
131         0.524000    0.0       0.0       
132         0.528000    0.0       0.0       
133         0.532000    0.0       0.0       
134         0.536000    0.0       0.0       
135         0.540000    0.0       0.0       
136         0.544000    0.0       0.0       
137         0.548000    0.0       0.0       
138         0.552000    0.0       0.0       
139         0.556000    0.0       0.0       
140         0.560000    0.0       0.0       
141         0.564000    0.0       0.0       
142         0.568000    0.0       0.0       
143         0.572000    0.0       0.0       
144         0.576000    0.0       0.0       
145         0.580000    0.0       0.0       
146         0.584000    0.0       0.0       
147         0.588000    0.0       0.0       
148         0.592000    0.0       0.0       
149         0.596000    0.0       0.0       
150         0.600000    0.0       0.0       
151         0.604000    0.0       0.0       
152         0.608000    0.0       0.0       
153         0.612000    0.0       0.0       
154         0.616000    0.0       0.0       
155         0.620000    0.0       0.0       
156         0.624000    0.0       0.0       
157         0.628000    0.0       0.0       
158         0.632000    0.0       0.0       
159         0.636000    0.0       0.0       
160         0.640000    0.0       0.0       
161         0.644000    0.0       0.0       
162         0.648000    0.0       0.0       
163         0.652000    0.0       0.0       
164         0.656000    0.0       0.0       
165         0.660000    0.0       0.0       
166         0.664000    0.0       0.0       
167         0.668000    0.0       0.0       
168         0.672000    0.0       0.0       
169         0.676000    0.0       0.0       
170         0.680000    0.0       0.0       
171         0.684000    0.0       0.0       
172         0.688000    0.0       0.0       
173         0.692000    0.0       0.0       
174         0.696000    0.0       0.0       
175         0.700000    0.0       0.0       
176         0.704000    0.0       0.0       
177         0.708000    0.0       0.0       
178         0.712000    0.0       0.0       
179         0.716000    0.0       0.0       
180         0.720000    0.0       0.0       
181         0.724000    0.0       0.0       
182         0.728000    0.0       0.0       
183         0.732000    0.0       0.0       
184         0.736000    0.0       0.0       
185         0.740000    0.0       0.0       
186         0.744000    0.0       0.0       
187         0.748000    0.0       0.0       
188         0.752000    0.0       0.0       
189         0.756000    0.0       0.0       
190         0.760000    0.0       0.0       
191         0.764000    0.0       0.0       
192         0.768000    0.0       0.0       
193         0.772000    0.0       0.0       
194         0.776000    0.0       0.0       
195         0.780000    0.0       0.0       
196         0.784000    0.0       0.0       
197         0.788000    0.0       0.0       
198         0.792000    0.0       0.0       
199         0.796000    0.0       0.0       
200         0.800000    0.0       0.0       
201         0.804000    0.0       0.0       
202         0.808000    0.0       0.0       
203         0.812000    0.0       0.0       
204         0.816000    0.0       0.0       
205         0.820000    0.0       0.0       
206         0.824000    0.0       0.0       
207         0.828000    0.0       0.0       
208         0.832000    0.0       0.0       
209         0.836000    0.0       0.0       
210         0.840000    0.0       0.0       
211         0.844000    0.0       0.0       
212         0.848000    0.0       0.0       
213         0.852000    0.0       0.0       
214         0.856000    0.0       0.0       
215         0.860000    0.0       0.0       
216         0.864000    0.0       0.0       
217         0.868000    0.0       0.0       
218         0.872000    0.0       0.0       
219         0.876000    0.0       0.0       
220         0.880000    0.0       0.0       
221         0.884000    0.0       0.0       
222         0.888000    0.0       0.0       
223         0.892000    0.0       0.0       
224         0.896000    0.0       0.0       
225         0.900000    0.0       0.0       
226         0.904000    0.0       0.0       
227         0.908000    0.0       0.0       
228         0.912000    0.0       0.0       
229         0.916000    0.0       0.0       
230         0.920000    0.0       0.0       
231         0.924000    0.0       0.0       
232         0.928000    0.0       0.0       
233         0.932000    0.0       0.0       
234         0.936000    0.0       0.0       
235         0.940000    0.0       0.0       
236         0.944000    0.0       0.0       
237         0.948000    0.0       0.0       
238         0.952000    0.0       0.0       
239         0.956000    0.0       0.0       
240         0.960000    0.0       0.0       
241         0.964000    0.0       0.0       
242         0.968000    0.0       0.0       
243         0.972000    0.0       0.0       
244         0.976000    0.0       0.0       
245         0.980000    0.0       0.0       
246         0.984000    0.0       0.0       
247         0.988000    0.0       0.0       
248         0.992000    0.0       0.0       
249         0.996000    0.0       0.0       
250         1.000000    0.0       0.0       
251         1.004000    0.0       0.0       
252         1.008000    0.0       0.0       
253         1.012000    0.0       0.0       
254         1.016000    0.0       0.0       
255         1.020000    0.0       0.0       
256         1.024000    0.0       0.0       
257         1.028000    0.0       0.0       
258         1.032000    0.0       0.0       
259         1.036000    0.0       0.0       
260         1.040000    0.0       0.0       
261         1.044000    0.0       0.0       
262         1.048000    0.0       0.0       
263         1.052000    0.0       0.0       
264         1.056000    0.0       0.0       
265         1.060000    0.0       0.0       
266         1.064000    0.0       0.0       
267         1.068000    0.0       0.0       
268         1.072000    0.0       0.0       
269         1.076000    0.0       0.0       
270         1.080000    0.0       0.0       
271         1.084000    0.0       0.0       
272         1.088000    0.0       0.0       
273         1.092000    0.0       0.0       
274         1.096000    0.0       0.0       
275         1.100000    0.0       0.0       
276         1.104000    0.0       0.0       
277         1.108000    0.0       0.0       
278         1.112000    0.0       0.0       
279         1.116000    0.0       0.0       
280         1.120000    0.0       0.0       
281         1.124000    0.0       0.0       
282         1.128000    0.0       0.0       
283         1.132000    0.0       0.0       
284         1.136000    0.0       0.0       
285         1.140000    0.0       0.0       
286         1.144000    0.0       0.0       
287         1.148000    0.0       0.0       
288         1.152000    0.0       0.0       
289         1.156000    0.0       0.0       
290         1.160000    0.0       0.0       
291         1.164000    0.0       0.0       
292         1.168000    0.0       0.0       
293         1.172000    0.0       0.0       
294         1.176000    0.0       0.0       
295         1.180000    0.0       0.0       
296         1.184000    0.0       0.0       
297         1.188000    0.0       0.0       
298         1.192000    0.0       0.0       
299         1.196000    0.0       0.0       
300         1.200000    0.0       0.0       
301         1.204000    0.0       0.0       
302         1.208000    0.0       0.0       
303         1.212000    0.0       0.0       
304         1.216000    0.0       0.0       
305         1.220000    0.0       0.0       
306         1.224000    0.0       0.0       
307         1.228000    0.0       0.0       
308         1.232000    0.0       0.0       
309         1.236000    0.0       0.0       
310         1.240000    0.0       0.0       
311         1.244000    0.0       0.0       
312         1.248000    0.0       0.0       
313         1.252000    0.0       0.0       
314         1.256000    0.0       0.0       
315         1.260000    0.0       0.0       
316         1.264000    0.0       0.0       
317         1.268000    0.0       0.0       
318         1.272000    0.0       0.0       
319         1.276000    0.0       0.0       
320         1.280000    0.0       0.0       
321         1.284000    0.0       0.0       
322         1.288000    0.0       0.0       
323         1.292000    0.0       0.0       
324         1.296000    0.0       0.0       
325         1.300000    0.0       0.0       
326         1.304000    0.0       0.0       
327         1.308000    0.0       0.0       
328         1.312000    0.0       0.0       
329         1.316000    0.0       0.0       
330         1.320000    0.0       0.0       
331         1.324000    0.0       0.0       
332         1.328000    0.0       0.0       
333         1.332000    0.0       0.0       
334         1.336000    0.0       0.0       
335         1.340000    0.0       0.0       
336         1.344000    0.0       0.0       
337         1.348000    0.0       0.0       
338         1.352000    0.0       0.0       
339         1.356000    0.0       0.0       
340         1.360000    0.0       0.0       
341         1.364000    0.0       0.0       
342         1.368000    0.0       0.0       
343         1.372000    0.0       0.0       
344         1.376000    0.0       0.0       
345         1.380000    0.0       0.0       
346         1.384000    0.0       0.0       
347         1.388000    0.0       0.0       
348         1.392000    0.0       0.0       
349         1.396000    0.0       0.0       
350         1.400000    0.0       0.0       
351         1.404000    0.0       0.0       
352         1.408000    0.0       0.0       
353         1.412000    0.0       0.0       
354         1.416000    0.0       0.0       
355         1.420000    0.0       0.0       
356         1.424000    0.0       0.0       
357         1.428000    0.0       0.0       
358         1.432000    0.0       0.0       
359         1.436000    0.0       0.0       
360         1.440000    0.0       0.0       
361         1.444000    0.0       0.0       
362         1.448000    0.0       0.0       
363         1.452000    0.0       0.0       
364         1.456000    0.0       0.0       
365         1.460000    0.0       0.0       
366         1.464000    0.0       0.0       
367         1.468000    0.0       0.0       
368         1.472000    0.0       0.0       
369         1.476000    0.0       0.0       
370         1.480000    0.0       0.0       
371         1.484000    0.0       0.0       
372         1.488000    0.0       0.0       
373         1.492000    0.0       0.0       
374         1.496000    0.0       0.0       
375         1.500000    0.0       0.0       
376         1.504000    0.0       0.0       
377         1.508000    0.0       0.0       
378         1.512000    0.0       0.0       
379         1.516000    0.0       0.0       
380         1.520000    0.0       0.0       
381         1.524000    0.0       0.0       
382         1.528000    0.0       0.0       
383         1.532000    0.0       0.0       
384         1.536000    0.0       0.0       
385         1.540000    0.0       0.0       
386         1.544000    0.0       0.0       
387         1.548000    0.0       0.0       
388         1.552000    0.0       0.0       
389         1.556000    0.0       0.0       
390         1.560000    0.0       0.0       
391         1.564000    0.0       0.0       
392         1.568000    0.0       0.0       
393         1.572000    0.0       0.0       
394         1.576000    0.0       0.0       
395         1.580000    0.0       0.0       
396         1.584000    0.0       0.0       
397         1.588000    0.0       0.0       
398         1.592000    0.0       0.0       
399         1.596000    0.0       0.0       
400         1.600000    0.0       0.0       
401         1.604000    0.0       0.0       
402         1.608000    0.0       0.0       
403         1.612000    0.0       0.0       
404         1.616000    0.0       0.0       
405         1.620000    0.0       0.0       
406         1.624000    0.0       0.0       
407         1.628000    0.0       0.0       
408         1.632000    0.0       0.0       
409         1.636000    0.0       0.0       
410         1.640000    0.0       0.0       
411         1.644000    0.0       0.0       
412         1.648000    0.0       0.0       
413         1.652000    0.0       0.0       
414         1.656000    0.0       0.0       
415         1.660000    0.0       0.0       
416         1.664000    0.0       0.0       
417         1.668000    0.0       0.0       
418         1.672000    0.0       0.0       
419         1.676000    0.0       0.0       
420         1.680000    0.0       0.0       
421         1.684000    0.0       0.0       
422         1.688000    0.0       0.0       
423         1.692000    0.0       0.0       
424         1.696000    0.0       0.0       
425         1.700000    0.0       0.0       
426         1.704000    0.0       0.0       
427         1.708000    0.0       0.0       
428         1.712000    0.0       0.0       
429         1.716000    0.0       0.0       
430         1.720000    0.0       0.0       
431         1.724000    0.0       0.0       
432         1.728000    0.0       0.0       
433         1.732000    0.0       0.0       
434         1.736000    0.0       0.0       
435         1.740000    0.0       0.0       
436         1.744000    0.0       0.0       
437         1.748000    0.0       0.0       
438         1.752000    0.0       0.0       
439         1.756000    0.0       0.0       
440         1.760000    0.0       0.0       
441         1.764000    0.0       0.0       
442         1.768000    0.0       0.0       
443         1.772000    0.0       0.0       
444         1.776000    0.0       0.0       
445         1.780000    0.0       0.0       
446         1.784000    0.0       0.0       
447         1.788000    0.0       0.0       
448         1.792000    0.0       0.0       
449         1.796000    0.0       0.0       
450         1.800000    0.0       0.0       
451         1.804000    0.0       0.0       
452         1.808000    0.0       0.0       
453         1.812000    0.0       0.0       
454         1.816000    0.0       0.0       
455         1.820000    0.0       0.0       
456         1.824000    0.0       0.0       
457         1.828000    0.0       0.0       
458         1.832000    0.0       0.0       
459         1.836000    0.0       0.0       
460         1.840000    0.0       0.0       
461         1.844000    0.0       0.0       
462         1.848000    0.0       0.0       
463         1.852000    0.0       0.0       
464         1.856000    0.0       0.0       
465         1.860000    0.0       0.0       
466         1.864000    0.0       0.0       
467         1.868000    0.0       0.0       
468         1.872000    0.0       0.0       
469         1.876000    0.0       0.0       
470         1.880000    0.0       0.0       
471         1.884000    0.0       0.0       
472         1.888000    0.0       0.0       
473         1.892000    0.0       0.0       
474         1.896000    0.0       0.0       
475         1.900000    0.0       0.0       
476         1.904000    0.0       0.0       
477         1.908000    0.0       0.0       
478         1.912000    0.0       0.0       
479         1.916000    0.0       0.0       
480         1.920000    0.0       0.0       
481         1.924000    0.0       0.0       
482         1.928000    0.0       0.0       
483         1.932000    0.0       0.0       
484         1.936000    0.0       0.0       
485         1.940000    0.0       0.0       
486         1.944000    0.0       0.0       
487         1.948000    0.0       0.0       
488         1.952000    0.0       0.0       
489         1.956000    0.0       0.0       
490         1.960000    0.0       0.0       
491         1.964000    0.0       0.0       
492         1.968000    0.0       0.0       
493         1.972000    0.0       0.0       
494         1.976000    0.0       0.0       
495         1.980000    0.0       0.0       
496         1.984000    0.0       0.0       
497         1.988000    0.0       0.0       
498         1.992000    0.0       0.0       
499         1.996000    0.0       0.0       
500         2.000000    0.0       0.0       
