[Material]
[element_id]  [E]         [G]          [nu]   [rho]     
0             2.1e+11     8.1000e+10   0.3    7850      
1             2.1e+11     8.1000e+10   0.3    7850      
2             2.1e+11     8.1000e+10   0.3    7850      
3             2.1e+11     8.1000e+10   0.3    7850      
4             2.1e+11     8.1000e+10   0.3    7850      
5             2.1e+11     8.1000e+10   0.3    7850      
6             2.1e+11     8.1000e+10   0.3    7850      
7             2.1e+11     8.1000e+10   0.3    7850      
