[Material]
[element_id]  [E]         [G]          [nu]   [rho]     
0             2.1e+11     8.1000e+10   0.3    7850      
1             2.1e+11     8.1000e+10   0.3    7850      
2             2.1e+11     8.1000e+10   0.3    7850      
3             2.1e+11     8.1000e+10   0.3    7850      
4             2.1e+11     8.1000e+10   0.3    7850      
5             2.1e+11     8.1000e+10   0.3    7850      
6             2.1e+11     8.1000e+10   0.3    7850      
7             2.1e+11     8.1000e+10   0.3    7850      
8             2.1e+11     8.1000e+10   0.3    7850      
9             2.1e+11     8.1000e+10   0.3    7850      
10            2.1e+11     8.1000e+10   0.3    7850      
11            2.1e+11     8.1000e+10   0.3    7850      
12            2.1e+11     8.1000e+10   0.3    7850      
13            2.1e+11     8.1000e+10   0.3    7850      
14            2.1e+11     8.1000e+10   0.3    7850      
15            2.1e+11     8.1000e+10   0.3    7850      
16            2.1e+11     8.1000e+10   0.3    7850      
17            2.1e+11     8.1000e+10   0.3    7850      
18            2.1e+11     8.1000e+10   0.3    7850      
19            2.1e+11     8.1000e+10   0.3    7850      
20            2.1e+11     8.1000e+10   0.3    7850      
21            2.1e+11     8.1000e+10   0.3    7850      
22            2.1e+11     8.1000e+10   0.3    7850      
23            2.1e+11     8.1000e+10   0.3    7850      
24            2.1e+11     8.1000e+10   0.3    7850      
