[Section]
[element_id]  [A]  [I_x]  [I_y]  [I_z]  [J_t]  [kappa]  [alpha]  [y_sc]  [z_sc]  [Gamma]
0  0.00131  0.0  3.23400e-07  2.08769e-06  2.60673e-08  0.83333333333333337  0.0015936564885496184  0.0  0.0  0.0
1  0.00131  0.0  3.23400e-07  2.08769e-06  2.60673e-08  0.83333333333333337  0.0015936564885496184  0.0  0.0  0.0
2  0.00131  0.0  3.23400e-07  2.08769e-06  2.60673e-08  0.83333333333333337  0.0015936564885496184  0.0  0.0  0.0
3  0.00131  0.0  3.23400e-07  2.08769e-06  2.60673e-08  0.83333333333333337  0.0015936564885496184  0.0  0.0  0.0
4  0.00131  0.0  3.23400e-07  2.08769e-06  2.60673e-08  0.83333333333333337  0.0015936564885496184  0.0  0.0  0.0
5  0.00131  0.0  3.23400e-07  2.08769e-06  2.60673e-08  0.83333333333333337  0.0015936564885496184  0.0  0.0  0.0
6  0.00131  0.0  3.23400e-07  2.08769e-06  2.60673e-08  0.83333333333333337  0.0015936564885496184  0.0  0.0  0.0
7  0.00131  0.0  3.23400e-07  2.08769e-06  2.60673e-08  0.83333333333333337  0.0015936564885496184  0.0  0.0  0.0
